-1.978786188785791111e+01 2.028449893372878066e+01 -1.091867293430283858e+01
-2.206297148422622101e+01 1.677269650607425433e+02 -6.315083330245644611e+00
-1.933102225361544413e+01 8.732414644338532526e+02 -5.139646724645736686e-01
-2.555541962176937432e+01 -7.539117631245735538e+02 1.856975480301154846e+01
4.627985572777129164e+01 -1.697042742027228087e+03 4.570152458287181929e+01
-1.797711012216177551e+01 3.805063896399769874e+01 -7.666140854460598675e+00
-1.206751855879974045e+01 3.521501939248371968e+02 -6.867148725722156399e+00
-2.789877894035655359e+01 -2.350269568148642065e+02 -1.817262239554194636e+00
-2.016865214888100155e+01 -1.424836637079749380e+03 1.039888529945304896e+01
-2.374536308076066149e+01 -1.368406714577445655e+03 5.470384616177206283e+01
-1.530591123654154728e+01 5.910181861044970901e+02 -6.094062569269180329e+00
-2.100331168642527047e+01 3.363744720521259524e+02 -5.428576355516874230e+00
-1.898644418652848387e+01 4.211524345722348244e+02 -2.201535035988441358e+00
-1.999075748680600384e+01 2.091483339440304690e+02 1.007129985138226402e+01
9.666227027052048726e+00 -7.440441586287411155e+02 5.206817099993934050e+01
-1.071544199604187497e+01 2.960059724792786255e+02 -5.805721184788543709e+00
-2.174750707649989678e+01 4.024437164864402803e+02 -6.198924080271612347e+00
-1.708731235108864155e+01 7.374052508891611524e+02 1.570621190369432707e+00
-8.360921853149775984e+00 -1.009507295882359301e+02 1.257459412750352712e+01
1.177669168641173769e+01 -2.541226426459979848e+01 4.408716598547117371e+01
-9.687877000815465323e+00 3.564633373928616038e+02 -5.143577668594202734e+00
-1.679230279820511385e+01 4.853946421364353228e+02 -3.608338864108324273e+00
-2.099166557460583249e+01 6.616269712388395874e+02 -8.812909591143878174e-01
-1.136900663023494218e+01 9.217009807525670340e+01 9.683785256349683124e+00
-2.227075707266414994e+01 -3.247311878799810074e+02 3.653923080372227616e+01
-1.249123140737868098e+01 1.699222672579494429e+02 -5.898704499778936849e+00
-1.682025414232267480e+01 4.620606722026157058e+02 -5.454951439001234803e+00
-1.731338517082792805e+01 6.285210029875722739e+02 -9.318800913866631674e-01
-2.333813146333427824e+01 -7.576318330428630361e+02 1.365372401928682677e+01
-2.264065174180079509e+01 -9.065624854214469224e+02 3.887315637969687288e+01
-1.211705567334593781e+01 4.160011209334496698e+02 -6.341527189643901607e+00
-2.446490476589823970e+01 3.017540581963112345e+02 -5.481963984162224079e+00
-2.574728086962183227e+01 1.673016461771267132e+02 -6.026928821930113145e-01
-4.001215822344358486e+01 -1.160566197652336768e+02 1.063114667219894827e+01
-5.279188921447403260e+01 -8.215906935670858502e+02 4.389313802970117706e+01
-1.663329070734904036e+01 2.789901190819869043e+02 -7.033337295493284458e+00
-2.225932554069725811e+01 5.326938178888250377e+02 -6.248256337382994019e+00
-3.187690669805545340e+01 1.887810025792385886e+02 -2.969283950323209353e+00
-4.889098389360416519e+01 7.671061110192050592e+01 1.541862203405876386e+01
-6.207476456611762217e+01 -1.410713431813283250e+03 5.268339502231272320e+01
-1.373097959182256034e+01 4.192367710448950788e+02 -8.261477574138609725e+00
-1.921395585500559378e+01 6.505567258092792144e+02 -7.371798655176608150e+00
-3.512720040841607272e+01 4.691210155068166614e+02 -6.664089593355271290e-02
-4.949679840798071950e+01 2.414902145062015109e+02 1.853029554034572612e+01
-6.897752995513872065e+01 -1.188044199872588251e+03 5.739493619380402833e+01
-1.053805721519391803e+01 6.249348544456393029e+02 -7.146336789156375602e+00
-1.871405754990211889e+01 6.841317325030263419e+02 -7.937432511174124627e+00
-1.321389695908289674e+01 1.381928471395888664e+03 -7.734306390730871783e-01
-1.816431726875152464e+01 1.579427662270722976e+03 1.873207630744315821e+01
-3.855271886011505700e+01 1.176639946180323022e+03 6.684173552160579845e+01
-4.819410948987609800e+00 8.633757050253790339e+02 -9.305727689130097957e+00
-6.181286550485809883e+00 1.408397752487500156e+03 -6.916779125464380229e+00
-1.184051399797547788e+01 1.497149072670676787e+03 -2.117560837050961098e+00
-6.118708242313177337e+00 2.512072155429049417e+03 1.953388005938192151e+01
-1.079332404911499310e+01 2.649893795996140398e+03 7.409743736230527134e+01
1.033913092469340711e-01 1.249922889217107240e+03 -1.033248835529533949e+01
8.561375245788546806e+00 1.801352267484433924e+03 -7.727384354897079533e+00
8.737864094016327243e+00 2.651071681111431189e+03 3.770202687601220681e+00
2.584688672694791833e+01 3.546916790083190790e+03 2.423810639471485828e+01
3.784599821910212825e+01 3.711920208033575818e+03 7.800328906569663445e+01
1.676980243615846433e+01 1.716829538565283656e+03 -7.906340644663478301e+00
2.910448894868899572e+01 2.491636779715667672e+03 -4.105150649375293170e+00
5.757895998585469499e+01 4.223081943566767222e+03 5.182845290635755831e+00
8.819340042585854178e+01 6.530421345384786036e+03 2.009039729395096430e+01
1.362122435452226057e+02 9.372942377712648522e+03 8.298933255611855486e+01
3.769408139525941692e+01 2.496445630139029163e+03 -7.809455358850383888e+00
6.880195609944553325e+01 3.921772221834361517e+03 -3.779096517562194890e+00
9.597545162230608184e+01 5.952320568211148384e+03 5.778390272305523823e+00
1.761826448938119256e+02 9.376526078365253852e+03 2.620597138697310413e+01
2.556119473796668444e+02 1.391147323414471066e+04 8.388901028942385096e+01
4.773029762541882093e+01 2.740560880456168888e+03 -9.387065793421593085e+00
7.858904454355716496e+01 4.197685125090952170e+03 -4.312754549565838147e+00
1.234378828388798723e+02 6.446708133911450204e+03 7.715065050401732627e+00
2.279119184743697417e+02 1.152997176034457334e+04 2.337708300934552952e+01
3.369382688616137216e+02 1.604335375554761231e+04 7.192838174735764767e+01
4.006600665306020659e+01 2.679579096270235368e+03 -7.448800364179068545e+00
5.361465336740393184e+01 3.050609203171889931e+03 -7.839545941652581007e+00
1.048609780757457344e+02 4.819284163031311436e+03 4.171550817664983590e+00
1.527779381242153249e+02 5.566597805875495396e+03 1.477158620486334328e+01
1.986945516599956534e+02 8.382324891171447234e+03 6.005014266054052996e+01
3.739517267743060813e+01 1.984399775500236956e+03 -7.756965688946328541e+00
4.072917430564437780e+01 2.372242558864399598e+03 -6.665608672593083206e+00
6.772221558039598222e+01 2.678918313490041328e+03 3.930053824541328567e-01
1.137209456327193919e+02 3.667385444071504480e+03 1.069478474968321358e+01
1.398956130700155427e+02 6.939603872929326826e+03 1.928493493007914239e+01
2.826381041848775411e+01 7.077627644059566592e+02 -6.299973331965985857e+00
3.518456834398207889e+01 1.483804269189375873e+03 -1.139585509665007024e+01
3.379841829440694312e+01 4.305911315991547212e+02 -8.715706770292699801e+00
3.347228847591982515e+01 1.185447999173112294e+03 -2.055852898628464942e+01
-2.586318516909573262e+01 -3.265136051382402002e+03 -1.894439127569862791e+01
1.885667135985269027e+00 5.229441748241586083e+02 -1.378369331794422514e+01
1.058193330144348288e+01 -1.420909664214469217e+02 -7.563997209161543722e+00
2.893791551942342366e+01 -1.034758674408018919e+02 -2.389222030183727341e+01
1.396471789368215610e+01 -4.490241156194657378e+03 -2.433144748639925226e+01
-8.819594946103789823e+01 -5.199038651892578855e+03 6.112325437186754584e+00
-3.536912204432699269e+00 -1.260169700321360324e+03 -5.988727515660696277e+00
5.529694587130871142e+00 -2.212505700043859179e+03 -1.025553048290225355e+01
6.388939078989587017e+00 -3.256639511885678075e+03 -9.768014584088193786e+00
-1.486569645351860061e+02 -8.603581633311132464e+03 -8.497245702955755320e+00
-9.010840031626948132e+01 -1.329283414912299304e+04 -1.363265317347986461e+01
-1.353469397971727517e+01 -2.306947900345727248e+03 -8.620840024400981960e+00
-5.021290771083724991e+01 -5.217337870247408318e+03 -1.281694969745773349e+01
-8.932184786281632682e+01 -7.694740111496720601e+03 -1.089083510810613298e+01
-1.687405490576330465e+02 -1.222626635686046939e+04 -1.369587688770909395e+01
-2.098243081296045034e+02 -1.706703934394503813e+04 -4.467107572299404694e-01
-4.908730909845115775e+01 -3.373087394776411656e+03 -3.803756825281160214e+00
-7.909130573902739059e+01 -6.132143614390386574e+03 -2.175584602207054630e+00
-1.307950292940877262e+02 -1.073309172462682363e+04 -5.908237468247246049e+00
-2.031439094925854079e+02 -1.722182406777419237e+04 -1.828463691840048355e+01
-2.336974012004313010e+02 -2.410474307481806682e+04 2.528558544194651247e+01
-9.525493319208416665e+01 -5.789583157170630329e+03 1.608400691213338618e-01
-1.203393605950089125e+02 -1.023997315810638247e+04 5.490192443398595579e+00
-2.438847070813694984e+02 -1.627908970544420845e+04 1.623512746200101375e+01
-3.205379189948037606e+02 -2.428624494003969812e+04 -1.318998046727398155e+01
-3.274639986518949968e+02 -2.420858943324790380e+04 -2.279652663320166894e+01
-9.333602901162832666e+01 -9.032406662324130593e+03 -2.529066761008595066e+00
-1.645900814897791804e+02 -1.094543013099828931e+04 -1.627233058608168648e+01
-3.019196639773905417e+02 -1.955349746948780376e+04 -1.801881764613674974e+01
-3.948052499425313044e+02 -2.459867970058769788e+04 -4.667000780420647921e+00
-3.744904176527118693e+02 -2.501009071633923668e+04 -2.524729919118210830e+01
1.844119448814550921e+00 1.086933177990474064e+01 2.556232344083895214e-01
